$ANSIBLE_VAULT;1.1;AES256
61363964623232636133363463386262643831363133633831383237336432373333653266653131
3535633666346261636665303234356662613132623234340a316232636531323638343331336131
34343664333965316261346163383333353565393639616234633439383864646238366261643263
3036343464343232610a653732656138313564316163396264306436613034633163626665633032
33313339643761633866643030636137376362626231366137613239643263383237623561323061
34613532653530303966656266623162333563393138383733623339333764373237303565623364
30393936646161653139323735616436353866373362613963616139656564316430633265303836
65653138326333353336616663626363353039656638386536643463333532646362366333373237
36323737636636376232346535623064356365643665633539366638633865383062363534363264
39643265316565383062353737643637333838613365326334626662613634336531343339636566
63343839656231643766303938663366616534353962623064336230383062393962653063313262
38313065643236333035613330633937303765376233363038646230356536383537313164616433
35376366636463306636613563333039643430633832643838623163643932373463353762353537
37616366643235663865316434343138346334326464633362316365656235616465633436306439
64393230313734643933323832346662383734313765643535323963616630373135386361613339
39313530616563626266306164633062396639313730656363656331646438633337383931373261
61316136643761353931666166313535373633346130663838343961656662393239333231653137
32653363366463326162356335616363333038363036363561616334653165623635363765323631
64383333353661356137393961623731393165363031386264386631303634356138346237336138
62636131323466333136346330326130316137653262323739353539353938666338303262393761
35363137653936363539346631623934393231326462356362306432363237376236643861343839
63653537393936626231353938656663313334613632346536323661356662353861326661646435
65623661316261303666353333383033313736623835346134636333313164303632383434346662
35373139323439336437373239333239616430396661303236313636643066323965646531396234
39616166636135346432373632396564623435653466313139383235393262316339343531656666
32356661633034633434643066303865346266653462366337333365353634356237366461326232
34316235313337386361356634313761326165623434343132663833323063323365613466646439
65346231373238396238
